ON
RX: 0B 3C FF 00 00 00 00 00 00 00 00 7F
RX: 01 BE
RX: 04 01 80 00 7F
RX: 04 83 50 00 AF
RX: 08 F8 00 00 00 00 00 00 FF
RX: 08 04 00 00 00 00 00 00 FF
RX: 08 86 00 00 00 00 00 00 FF
RX: 08 47 00 00 00 00 00 00 FF
RX: 0A 97 00 02 00 00 00 14 18 87 B9
RX: 0A 56 00 02 00 00 00 38 70 80 29
RX: 01 D4
RX: 01 37
RX: 0A 3C FF 00 00 00 00 00 00 00 00
RX: 01 BE
RX: 04 01 80 00 7F
RX: 08 F8 00 00 00 00 00 00 FF
RX: 08 04 00 00 00 00 00 00 FF
RX: 08 86 00 00 00 00 00 00 FF
RX: 08 47 00 00 00 00 00 00 FF
RX: 0A 97 00 02 A0 00 00 14 18 85 1B
RX: 0A 56 00 02 A0 00 00 38 70 80 F1
RX: 01 D4
RX: 01 37
RX: 0A 3C FF 00 00 00 00 00 00 00 00
RX: 01 BE
RX: 04 01 80 00 7F
RX: 08 F8 00 00 00 00 00 00 FF
RX: 08 04 00 00 00 00 00 00 FF
RX: 08 86 00 00 00 00 00 00 FF
RX: 08 47 00 00 00 00 00 00 FF
RX: 0A 97 00 02 10 00 00 14 18 85 AB
RX: 0A 56 00 02 10 00 00 38 70 80 31
RX: 01 D4
RX: 01 37
RX: 0A 3C FF 00 00 00 00 00 00 00 00
RX: 01 BE
RX: 04 01 80 00 7F
RX: 08 F8 00 00 00 00 00 00 FF
RX: 08 04 00 00 00 00 00 00 FF
RX: 08 86 00 00 00 00 00 00 FF
RX: 08 47 00 00 00 00 00 00 FF
RX: 0A 97 00 02 90 00 00 14 18 82 AC
RX: 0A 56 00 02 90 00 00 38 70 89 5F
RX: 01 D4
RX: 01 37
RX: 0A 3C FF 00 00 00 00 00 00 00 00
RX: 01 BE
RX: 04 01 80 00 7F
RX: 08 F8 00 00 00 00 00 00 FF
RX: 08 04 00 00 00 00 00 00 FF
RX: 08 86 00 00 00 00 00 00 FF
RX: 08 47 00 00 00 00 00 00 FF
RX: 0A 97 00 02 50 00 00 14 18 83 CD
RX: 0A 56 00 02 50 00 00 38 70 80 51
RX: 01 D4
RX: 01 37
RX: 0A 3C FF 00 00 00 00 00 00 00 00
RX: 01 BE
RX: 04 01 80 00 7F
RX: 08 F8 00 00 00 00 00 00 FF
RX: 08 04 00 00 00 00 00 00 FF
RX: 08 86 00 00 00 00 00 00 FF
RX: 08 47 00 00 00 00 00 00 FF
RX: 0A 97 00 02 50 00 00 14 18 87 C9
RX: 0A 56 00 02 50 00 00 38 70 84 56
RX: 01 D4
RX: 01 37
RX: 0A 3C FF 00 00 00 00 00 00 00 00
RX: 01 BE
RX: 04 01 80 00 7F
RX: 08 F8 00 00 00 00 00 00 FF
RX: 08 04 00 00 00 00 00 00 FF
RX: 08 86 00 00 00 00 00 00 FF
RX: 08 47 00 00 00 00 00 00 FF
RX: 0A 97 00 02 50 00 00 14 18 8E 20
RX: 0A 56 00 02 50 00 00 38 70 83 93
RX: 01 D4
RX: 01 37
RX: 0A 3C FF 00 00 00 00 00 00 00 00
RX: 01 BE
RX: 04 01 80 00 7F
RX: 08 F8 00 00 00 00 00 00 FF
RX: 08 04 00 00 00 00 00 00 FF
RX: 08 86 00 00 00 00 00 00 FF
RX: 08 47 00 00 00 00 00 00 FF
RX: 0A 97 00 02 50 00 00 14 18 8F C1
RX: 0A 56 00 02 50 00 00 38 70 86 54
RX: 01 D4
RX: 01 37
RX: 0A 3C FF 00 00 00 00 00 00 00 00
RX: 01 BE
RX: 04 01 80 00 7F
RX: 08 F8 00 00 00 00 00 00 FF
RX: 08 04 00 00 00 00 00 00 FF
RX: 08 86 00 00 00 00 00 00 FF
RX: 08 47 00 00 00 00 00 00 FF
RX: 0A 97 00 02 50 00 00 14 18 8E 20
RX: 0A 56 00 02 50 00 00 38 70 83 93
RX: 01 D4
RX: 01 37
RX: 0A 3C FF 00 00 00 00 00 00 00 00
RX: 01 BE
RX: 04 01 80 00 7F
RX: 08 F8 00 00 00 00 00 00 FF
RX: 08 04 00 00 00 00 00 00 FF
RX: 08 86 00 00 00 00 00 00 FF
RX: 08 47 00 00 00 00 00 00 FF
RX: 0A 97 00 02 50 00 00 14 18 89 C7
RX: 0A 56 00 02 50 00 00 38 70 87 95
RX: 01 D4
RX: 01 37
RX: 0A 3C FF 00 00 00 00 00 00 00 00
RX: 01 BE
RX: 04 01 80 00 7F
RX: 08 F8 00 00 00 00 00 00 FF
RX: 08 04 00 00 00 00 00 00 FF
RX: 08 86 00 00 00 00 00 00 FF
RX: 08 47 00 00 00 00 00 00 FF
RX: 0A 97 00 02 50 00 00 14 18 84 2A
RX: 0A 56 00 02 50 00 00 38 70 8E 58
RX: 01 D4
RX: 01 37
RX: 0A 3C FF 00 00 00 00 00 00 00 00
RX: 01 BE
RX: 04 01 80 00 7F
RX: 08 F8 00 00 00 00 00 00 FF
RX: 08 04 00 00 00 00 00 00 FF
RX: 08 86 00 00 00 00 00 00 FF
RX: 08 47 00 00 00 00 00 00 FF
RX: 0A 97 00 02 50 00 00 14 18 85 CB
RX: 0A 56 00 02 50 00 00 38 70 88 5E
RX: 01 D4
RX: 01 37
RX: 0A 3C FF 00 00 00 00 00 00 00 00
RX: 01 BE
RX: 04 01 80 00 7F
RX: 08 F8 00 00 00 00 00 00 FF
RX: 08 04 00 00 00 00 00 00 FF
RX: 08 86 00 00 00 00 00 00 FF
RX: 08 47 00 00 00 00 00 00 FF
RX: 0A 97 00 02 50 00 00 14 18 8C 22
RX: 0A 56 00 02 50 00 00 38 70 8E 58
RX: 01 D4
RX: 01 37
RX: 0A 3C FF 00 00 00 00 00 00 00 00
RX: 01 BE
RX: 04 01 80 00 7F
RX: 08 F8 00 00 00 00 00 00 FF
RX: 08 04 00 00 00 00 00 00 FF
RX: 08 86 00 00 00 00 00 00 FF
RX: 08 47 00 00 00 00 00 00 FF
RX: 0A 97 00 02 D0 00 00 14 18 82 CC
RX: 0A 56 00 02 50 00 00 38 70 89 9F
RX: 01 D4
RX: 01 37
RX: 0A 3C FF 00 00 00 00 00 00 00 00
RX: 01 BE
RX: 04 01 80 00 7F
RX: 08 F8 00 00 00 00 00 00 FF
RX: 08 04 00 00 00 00 00 00 FF
RX: 08 86 00 00 00 00 00 00 FF
RX: 08 47 00 00 00 00 00 00 FF
RX: 0A 97 00 02 D0 00 00 14 18 87 49
RX: 0A 56 00 02 50 00 00 38 70 8C 5A
RX: 01 D4
RX: 01 37
RX: 0A 3C FF 00 00 00 00 00 00 00 00
RX: 01 BE
RX: 04 01 80 00 7F
RX: 08 F8 00 00 00 00 00 00 FF
RX: 08 04 00 00 00 00 00 00 FF
RX: 08 86 00 00 00 00 00 00 FF
RX: 08 47 00 00 00 00 00 00 FF
RX: 0A 97 00 02 D0 00 00 14 18 8D 43
RX: 0A 56 00 02 50 00 00 38 70 88 5E
RX: 01 D4
RX: 01 37
RX: 0A 3C FF 00 00 00 00 00 00 00 00
RX: 01 BE
RX: 04 01 80 00 7F
RX: 08 F8 00 00 00 00 00 00 FF
RX: 08 04 00 00 00 00 00 00 FF
RX: 08 86 00 00 00 00 00 00 FF
RX: 08 47 00 00 00 00 00 00 FF
RX: 0A 97 00 02 D0 00 00 14 18 85 4B
RX: 0A 56 00 02 50 00 00 38 70 80 51
RX: 01 D4
RX: 01 37
RX: 0A 3C FF 00 00 00 00 00 00 00 00
RX: 01 BE
RX: 04 01 00 00 FF
RX: 08 F8 00 00 00 00 00 00 FF
RX: 08 04 00 00 00 00 00 00 FF
RX: 08 86 00 00 00 00 00 00 FF
RX: 08 47 00 00 00 00 00 00 FF
RX: 0A 97 00 02 D0 00 00 14 18 8F 41
RX: 0A 56 00 02 50 00 00 38 70 8A 5C
RX: 01 D4
RX: 01 37
RX: 0A 3C FF 00 00 00 00 00 00 00 00
RX: 01 BE
RX: 04 01 00 00 FF
RX: 08 F8 00 00 00 00 00 00 FF
RX: 08 04 00 00 00 00 00 00 FF
RX: 08 86 00 00 00 00 00 00 FF
RX: 08 47 00 00 00 00 00 00 FF
RX: 0A 97 00 02 D0 00 00 14 18 8D 43
RX: 0A 56 00 02 50 00 00 38 70 84 56
RX: 01 D4
RX: 01 37
RX: 0A 3C FF 00 00 00 00 00 00 00 00
RX: 01 BE
RX: 04 01 00 00 FF
RX: 08 F8 00 00 00 00 00 00 FF
RX: 08 04 00 00 00 00 00 00 FF
RX: 08 86 00 00 00 00 00 00 FF
RX: 08 47 00 00 00 00 00 00 FF
RX: 0A 97 00 02 D0 00 00 14 18 81 4F
RX: 0A 56 00 02 50 00 00 38 70 8F 99
RX: 01 D4
RX: 01 37
RX: 0A 3C FF 00 00 00 00 00 00 00 00
RX: 01 BE
RX: 04 01 00 00 FF
RX: 08 F8 00 00 00 00 00 00 FF
RX: 08 04 00 00 00 00 00 00 FF
RX: 08 86 00 00 00 00 00 00 FF
RX: 08 47 00 00 00 00 00 00 FF
RX: 0A 97 00 02 D0 00 00 14 18 86 C8
RX: 0A 56 00 02 50 00 00 38 70 83 93
RX: 01 D4
RX: 01 37
RX: 0A 3C FF 00 00 00 00 00 00 00 00
RX: 01 BE
RX: 04 01 00 00 FF
RX: 08 F8 00 00 00 00 00 00 FF
RX: 08 04 00 00 00 00 00 00 FF
RX: 08 86 00 00 00 00 00 00 FF
RX: 08 47 00 00 00 00 00 00 FF
RX: 0A 97 00 02 D0 00 00 14 18 80 CE
RX: 0A 56 00 02 50 00 00 38 70 89 9F
RX: 01 D4
RX: 01 37
RX: 0A 3C FF 00 00 00 00 00 00 00 00
RX: 01 BE
RX: 04 01 00 00 FF
RX: 08 F8 00 00 00 00 00 00 FF
RX: 08 04 00 00 00 00 00 00 FF
RX: 08 86 00 00 00 00 00 00 FF
RX: 08 47 00 00 00 00 00 00 FF
RX: 0A 97 00 02 D0 00 00 14 18 8B 45
RX: 0A 56 00 02 50 00 00 38 70 86 54
RX: 01 D4
RX: 01 37
RX: 0A 3C FF 00 00 00 00 00 00 00 00
RX: 01 BE
RX: 04 01 00 00 FF
RX: 08 F8 00 00 00 00 00 00 FF
RX: 08 04 00 00 00 00 00 00 FF
RX: 08 86 00 00 00 00 00 00 FF
RX: 08 47 00 00 00 00 00 00 FF
RX: 0A 97 00 02 D0 00 00 14 18 8D 43
RX: 0A 56 00 02 50 00 00 38 70 8C 5A
RX: 01 D4
RX: 01 37
RX: 0A 3C FF 00 00 00 00 00 00 00 00
RX: 01 BE
RX: 04 01 00 00 FF
RX: 08 F8 00 00 00 00 00 00 FF
RX: 08 04 00 00 00 00 00 00 FF
RX: 08 86 00 00 00 00 00 00 FF
RX: 08 47 00 00 00 00 00 00 FF
RX: 0A 97 00 02 D0 00 00 14 18 81 4F
RX: 0A 56 00 02 50 00 00 38 70 87 95
RX: 01 D4
RX: 01 37
RX: 0A 3C FF 00 00 00 00 00 00 00 00
RX: 01 BE
RX: 04 01 00 00 FF
RX: 08 F8 00 00 00 00 00 00 FF
RX: 08 04 00 00 00 00 00 00 FF
RX: 08 86 00 00 00 00 00 00 FF
RX: 08 47 00 00 00 00 00 00 FF
RX: 0A 97 00 02 D0 00 00 14 18 82 CC
RX: 0A 56 00 02 50 00 00 38 70 8D 9B
RX: 01 D4
RX: 01 37
RX: 0A 3C FF 00 00 00 00 00 00 00 00
RX: 01 BE
RX: 04 01 00 00 FF
RX: 08 F8 00 00 00 00 00 00 FF
RX: 08 04 00 00 00 00 00 00 FF
RX: 08 86 00 00 00 00 00 00 FF
RX: 08 47 00 00 00 00 00 00 FF
RX: 0A 97 00 02 D0 00 00 14 18 84 CA
RX: 0A 56 00 02 50 00 00 38 70 81 50
RX: 01 D4
RX: 01 37
RX: 0A 3C FF 00 00 00 00 00 00 00 00
RX: 01 BE
RX: 04 01 00 00 FF
RX: 08 F8 00 00 00 00 00 00 FF
RX: 08 04 00 00 00 00 00 00 FF
RX: 08 86 00 00 00 00 00 00 FF
RX: 08 47 00 00 00 00 00 00 FF
RX: 0A 97 00 02 D0 00 00 14 18 8F 41
RX: 0A 56 00 02 50 00 00 38 70 8A 5C
RX: 01 D4
RX: 01 37
RX: 0A 3C FF 00 00 00 00 00 00 00 00
RX: 01 BE
RX: 04 01 00 00 FF
RX: 08 F8 00 00 00 00 00 00 FF
RX: 08 04 00 00 00 00 00 00 FF
RX: 08 86 00 00 00 00 00 00 FF
RX: 08 47 00 00 00 00 00 00 FF
RX: 0A 97 00 02 D0 00 00 14 18 83 4D
RX: 0A 56 00 02 50 00 00 38 70 84 56
RX: 01 D4
RX: 01 37
RX: 0A 3C FF 00 00 00 00 00 00 00 00
RX: 01 BE
RX: 04 01 00 00 FF
RX: 08 F8 00 00 00 00 00 00 FF
RX: 08 04 00 00 00 00 00 00 FF
RX: 08 86 00 00 00 00 00 00 FF
RX: 08 47 00 00 00 00 00 00 FF
RX: 0A 97 00 02 D0 00 00 14 18 85 4B
RX: 0A 56 00 02 50 00 00 38 70 80 51
RX: 01 D4
RX: 01 37
RX: 0A 3C FF 00 00 00 00 00 00 00 00
RX: 01 BE
RX: 04 01 00 00 FF
RX: 08 F8 00 00 00 00 00 00 FF
RX: 08 04 00 00 00 00 00 00 FF
RX: 08 86 00 00 00 00 00 00 FF
RX: 08 47 00 00 00 00 00 00 FF
RX: 0A 97 00 02 D0 00 00 14 18 8A C4
RX: 0A 56 00 02 50 00 00 38 70 83 93
RX: 01 D4
RX: 01 37
RX: 0A 3C FF 00 00 00 00 00 00 00 00
RX: 01 BE
RX: 04 01 00 00 FF
RX: 08 F8 00 00 00 00 00 00 FF
RX: 08 04 00 00 00 00 00 00 FF
RX: 08 86 00 00 00 00 00 00 FF
RX: 08 47 00 00 00 00 00 00 FF
RX: 0A 97 00 02 D0 00 00 14 18 84 CA
RX: 0A 56 00 02 50 00 00 38 70 85 97
RX: 01 D4
RX: 01 37
RX: 0A 3C FF 00 00 00 00 00 00 00 00
RX: 01 BE
RX: 04 01 00 00 FF
RX: 08 F8 00 00 00 00 00 00 FF
RX: 08 04 00 00 00 00 00 00 FF
RX: 08 86 00 00 00 00 00 00 FF
RX: 08 47 00 00 00 00 00 00 FF
RX: 0A 97 00 02 D0 00 00 14 18 87 49
RX: 0A 56 00 02 50 00 00 38 70 8E 58
RX: 01 D4
RX: 01 37
RX: 0A 3C FF 00 00 00 00 00 00 00 00
RX: 01 BE
RX: 04 01 00 00 FF
RX: 08 F8 00 00 00 00 00 00 FF
RX: 08 04 00 00 00 00 00 00 FF
RX: 08 86 00 00 00 00 00 00 FF
RX: 08 47 00 00 00 00 00 00 FF
RX: 0A 97 00 02 D0 00 00 14 18 83 4D
RX: 0A 56 00 02 50 00 00 38 70 84 56
RX: 01 D4
RX: 01 37
RX: 0A 3C FF 00 00 00 00 00 00 00 00
RX: 01 BE
RX: 04 01 00 00 FF
RX: 08 F8 00 00 00 00 00 00 FF
RX: 08 04 00 00 00 00 00 00 FF
RX: 08 86 00 00 00 00 00 00 FF
RX: 08 47 00 00 00 00 00 00 FF
RX: 0A 97 00 02 D0 00 00 14 18 89 47
RX: 0A 56 00 02 50 00 00 38 70 8F 99
RX: 01 D4
RX: 01 37
RX: 0A 3C FF 00 00 00 00 00 00 00 00
RX: 01 BE
RX: 04 01 00 00 FF
RX: 08 F8 00 00 00 00 00 00 FF
RX: 08 04 00 00 00 00 00 00 FF
RX: 08 86 00 00 00 00 00 00 FF
RX: 08 47 00 00 00 00 00 00 FF
RX: 0A 97 00 02 D0 00 00 14 18 86 C8
OFF